# Created by Octave 5.2.0, Wed Dec 09 13:01:42 2020 GMT <unknown@MSI>
# name: vecteursProbas
# type: matrix
# rows: 100
# columns: 10
 1 1.2872685293226498e-40 2.9561319680928127e-95 1.6753843252858524e-75 3.8110983624394621e-70 2.8380357577898952e-115 4.5257473380927018e-50 1.4704917811714087e-90 3.9855585274328463e-24 4.2318346603833536e-99
 1 1.5413956312882693e-39 4.0099740092364641e-96 9.3314837283119416e-72 1.781307282797457e-64 3.9300263072781223e-125 4.2245864837017342e-49 2.8162799721932289e-97 7.1728195980592992e-23 2.9753872267159541e-97
 1 2.5391288532405419e-42 5.0965198363972044e-101 1.9002995328052761e-77 3.7479101858702264e-72 5.1536311723990308e-125 7.2472527273005603e-54 1.6876692761330419e-98 1.3617695781073594e-27 6.1106030505449684e-101
 1 1.4964363909124616e-42 2.8610405998924667e-101 2.0204339430632081e-76 6.585509030707754e-71 1.3435143787198091e-127 2.77311299452862e-54 1.8005566047890567e-99 3.1198345239662921e-28 6.0801908973480494e-101
 1 2.0391002299524272e-36 5.0086058586283427e-101 1.453814162005347e-77 3.3073833568028573e-74 2.0174228651307724e-125 1.6304577435529489e-50 2.9691675836995228e-98 3.5761157372529623e-31 2.7747656304374262e-100
 1 1.4558930549752382e-43 8.9260889023727836e-98 1.1406343489930691e-75 3.5603117252634151e-67 4.1141558690260704e-128 9.7828505705857664e-54 2.726151299152074e-99 7.7792485808346383e-29 3.6798121759860127e-101
 0.99999999999999978 3.9372314342616118e-36 5.6895827886847887e-82 2.2517012346159822e-65 1.0509275878208324e-50 2.1896832809297479e-117 1.0048184205850543e-40 1.3981827721586233e-90 1.4076495610810827e-16 3.2502477781147441e-93
 1 1.1150630862171795e-28 1.1638320283579257e-95 4.0362570031230903e-62 2.918505655711682e-59 1.1432472655128344e-125 1.752799264043738e-49 2.9083779954628757e-90 5.6398041969341666e-26 2.909088554432755e-87
 0.99999996487985809 3.5120141255884089e-08 1.7733267991900659e-76 6.0572670698511874e-31 8.1070429182194852e-30 3.6820563873438193e-103 5.8426218377134819e-38 9.7550952352443115e-64 6.6328813864900561e-16 7.2095076006169083e-55
 1 3.8258004915657417e-30 1.051133571457823e-97 2.5318273058872787e-66 1.6367804541811912e-57 6.0735629079206827e-123 1.2585967597193281e-53 1.4434157458889456e-88 1.1821686356395331e-28 5.4650975963793501e-90
 2.4739188565253569e-23 1 1.9868272366936317e-91 3.8044491249422731e-57 6.1793142758903462e-64 2.6493194232885058e-116 2.7112326152978052e-44 6.3876287178499938e-71 1.2323911745323751e-31 1.2402313605257681e-75
 9.3387529578383126e-12 0.99999999999066114 7.4040140245885183e-82 6.1129902940214122e-54 9.5511401536822783e-60 3.3665687693275719e-111 1.1293733069896146e-32 1.7699229824057889e-71 6.2064925686434033e-18 5.1183214402139247e-76
 1.9421552562764794e-07 0.0021444459037589809 1.8918656287279603e-32 1.6006901768267409e-26 3.112282038572495e-08 3.2906480606221303e-59 1.6249842783376126e-06 1.1804815415365271e-38 0.99785370377361671 2.3946797415326922e-55
 8.0281078354304395e-07 0.99986697246886924 4.358240356341688e-56 2.5149380718712323e-45 9.9386780673308038e-37 2.5783449081896933e-84 1.2402261447503633e-12 1.851144221869248e-57 0.00013222471910691894 2.6606602435976895e-72
 2.3741764958527104e-26 1 7.7024261307901465e-92 1.0064547248189443e-60 2.6847672802874203e-70 2.070217272809977e-116 4.1186367927291282e-44 2.1382314107399276e-70 6.2056479309880504e-35 9.5886700796602061e-78
 0.99992267491995768 3.6774109091847573e-30 1.7780648413091243e-79 3.2473194034737097e-60 6.2509462113685608e-53 2.265642911590271e-105 4.3066089402891939e-32 4.7372077309383333e-83 7.7325080042342338e-05 2.1284013739961405e-87
 1.5254073163124661e-22 1 2.9548239116021914e-92 2.3832969410917871e-57 5.6309120831986213e-66 2.9970657744318173e-115 4.8279627831627369e-44 3.8578608003697143e-70 7.1769802300796221e-32 2.7325668037733392e-76
 9.8600685847526995e-28 1 4.3119062164312146e-68 1.9485926941413185e-20 6.3541734431095523e-44 1.5939057569434699e-76 7.1974750899104386e-34 1.4370088478118265e-39 1.0635624458591935e-27 1.0378332323972177e-34
 7.9788785501290541e-21 1 9.9135785597637092e-82 1.0858274287135982e-59 1.052258432061725e-63 2.1865330790670988e-109 1.5851820314274897e-33 1.7842687765450765e-72 1.804073693886196e-24 6.9318847235962202e-82
 8.536880000045307e-39 0.56633454448859266 3.4835382677200205e-31 1.536047249682817e-30 2.3241722417638737e-28 1.9442110934961952e-38 2.2569962191093535e-25 0.43366545551140728 1.53191877136517e-35 3.7738305333367665e-42
 6.198513700012326e-26 3.6179987045163229e-21 0.98033563105767429 1.0944220255961922e-38 2.0136257731333616e-20 1.5460266490462619e-45 1.4430972930089815e-10 8.6400774302494286e-30 0.019664368798015908 8.0881139296487767e-66
 6.6643783441396932e-62 5.5821561984596398e-58 1 1.3610471966900008e-74 6.845514574387344e-44 5.9241789451555554e-46 1.632944668763467e-28 3.4191628771100876e-60 9.7579066974929307e-43 1.3467271498485323e-102
 5.2782330136471697e-19 1.6728042712322173e-21 2.980435612984427e-11 4.4506850072390617e-48 1.9040280908542196e-20 3.916449401053884e-48 5.5114182161429941e-07 7.6716846915970329e-41 0.99999944882837399 4.9508403909248135e-78
 1.5361451224631274e-37 1.0944396679715628e-35 1 1.7900993774892325e-55 1.6107570908693978e-31 5.7333060394234116e-51 9.686004405000113e-17 4.4219146583882543e-44 7.826328443703269e-19 9.4827544587483665e-85
 4.446952888018704e-56 6.8873176312916617e-47 1 1.9862150410665528e-64 5.0309018665743156e-47 2.6302773049672535e-51 4.5915646062011126e-29 4.3521413395474258e-46 8.6385079016701423e-36 9.1400067471643523e-91
 6.3624077695343478e-62 2.2891249331081046e-53 1 4.5217305436752517e-68 1.940177507420983e-49 9.1947448900881039e-32 1.98741896342332e-22 7.6948894683887817e-47 4.2742625100303874e-43 2.7168059152825626e-94
 1.3873406671506346e-32 9.6689760587246093e-18 0.9999999966354628 2.9984597360387311e-40 1.4046634915967804e-33 2.3238020427693016e-52 1.8876556535490609e-09 7.89361876928977e-32 1.4768815456696868e-09 2.0738541026886398e-63
 5.3543187498221731e-26 6.8448622081741251e-11 9.1460321341781763e-12 1.7560462606493049e-30 5.8185214064616403e-40 2.1567809389629519e-53 0.00010755576691989728 3.4687491043912254e-33 0.9998924441554855 4.3775643531279827e-47
 9.8666107123315971e-22 4.2149466289690751e-05 2.1136968180598001e-24 2.4498079973762218e-33 1.9938429574309845e-40 4.5510548270032652e-64 2.1600578878828468e-05 4.3642903171912652e-38 0.99993624995483155 2.6246449277431497e-52
 8.5832402609344041e-90 1.0863602983012366e-82 1 5.1936057038999432e-92 4.2541817617058852e-60 5.6102746837052102e-35 2.7168914832052306e-56 3.8558847779842576e-65 7.7351660719492203e-69 1.8023088753239751e-113
 5.1320892812318892e-35 5.5544814378345892e-34 5.689923462823836e-81 1 1.528744883679754e-55 6.2183192979818318e-107 2.6850156701737808e-51 7.3606139954270009e-60 4.1095555180142224e-25 1.0121027216828927e-20
 1.1531111364954246e-20 2.2501705199483407e-21 1.5675252339284885e-38 2.8017988799511007e-13 3.8720436411745306e-23 3.0619609647138948e-74 1.2887062373416245e-20 4.8817449868759268e-39 0.99999999999971978 6.3297981352727658e-48
 9.0370704110302315e-28 1.0684716509980321e-24 8.0404085861245091e-71 1 1.2597690089034809e-40 4.7616586856277913e-99 2.3089187194871458e-39 5.4037477417668278e-56 1.4565861381622556e-17 1.4007884447375626e-31
 8.5437664503712766e-19 2.3090635584656391e-18 4.2262817143450875e-70 0.99999999968510633 9.1438949752618784e-44 4.490288372330016e-97 2.1420095710443575e-33 4.0927263722765091e-56 3.1489358313342681e-10 1.1038233922953779e-25
 1.9142509349157309e-60 2.365835282360623e-52 1.1688941962792392e-89 1 7.7993627530103297e-58 2.7916138388230872e-117 9.3975560065514669e-73 1.8389159474750718e-63 1.5048560006848759e-49 9.1277444165410173e-26
 8.7537822763616813e-53 6.0632605144168539e-39 2.1774674875415384e-87 0.99999999999922651 3.1726052953601191e-63 1.085971290992601e-107 4.2140317747916117e-59 1.2253825484401369e-58 1.6236943772896028e-41 7.7356080628349369e-13
